-0.373560424060199
-0.252589776796006
0.768632408615306
-0.499369502317838
-1.25323212596047
-2.03296135221157
0.616601112566399
2.44350450495842
0.187512152478467
1.74165997200347
0.920280782223651
0.0625845911017053
-0.99873818313503
-1.40003264036131
-1.59771561055921
-1.21242123392307
0.847477322319687
1.31023570661185
-0.349341220293016
-2.15879204515362
-0.31349923325161
-2.66505670313456
2.10524085590124
-1.59324059290894
-1.22258168983553
-4.57139223389573
1.72470970850554
1.2249119827834
-1.51984395763108
-1.47800831119872
0.43836010132775
-0.00311503450003998
-2.86303438379464
-3.58127677954406
-1.63339954305805
-2.12476435089737
-3.11468295694612
-1.99689531300681
-8.46940671747766
-6.93341428840915
